With points density: 10
With reduced rate target: 0.15
Final correct: 92
=============================================================
Avarage icp error: 0.018438191525003245
icp error std: 1.2254914676353181
Average covisible reduced rate: 0.26873286985057016
Average occlusion reduced rate: 0.3201871865586607
Average reduced rate: 0.5889200564092308
Average estimated position error: 1.3294178604115963
=============================================================
[Range80] Found walkers rate:  0.5010155721056195
[Range80] Found cyclists rate:  0.6694214876033058
[Range80] Found vehicles rate:  0.6716180371352786
[Range50] Found walkers rate:  0.756838905775076
[Range50] Found cyclists rate:  0.9080459770114943
[Range50] Found vehicles rate:  0.918444165621079
[Range20] Found walkers rate:  0.9756468797564688
[Range20] Found cyclists rate:  0.9917355371900827
[Range20] Found vehicles rate:  1.0
=============================================================
=============================================================
Final average reduced list: [0.2878461548478861, 0.2943332624379243, 0.2007303393818313, 0.2825267441224097, 0.39038256637223934, 0.22385322837029747, 0.22324859118852458, 0.26262079961860924, 0.3176504170079153, 0.2504757047567704, 0.22300298705212868, 0.23962354967826924, 0.3223062544535744, 0.23319435516241283, 0.2640672615243652, 0.20516222915355167, 0.3196055424321567, 0.22846364912489026, 0.2674658426028985, 0.3241598932005757, 0.23331522300993573, 0.3093921469781948, 0.3402376294263411, 0.24220567133583873, 0.28704853470576625, 0.18541312820431985, 0.3166207980304797, 0.24840417662425177, 0.15246305476948682, 0.30053257605774936, 0.1648850429227688, 0.4398126646284756, 0.26511530566292124, 0.3054626541990143, 0.32129583134760126, 0.2662986296229051, 0.19728003980429554, 0.18086329224305364, 0.2182245542768861, 0.27606240941539967, 0.20448891345025838, 0.2015236894718238, 0.2795075002143516, 0.29319948407281105, 0.273855997626705, 0.2621741000544951, 0.2828968879758098, 0.35688548212294124, 0.2276446392747147, 0.2792198262434668, 0.33038104930847023, 0.25478427417747557, 0.21039017291540746, 0.24163162469806349, 0.2597953252740328, 0.3292524107063099, 0.23829449469294853, 0.2512305806018199, 0.30431203574357496, 0.25372487714472297, 0.2742811240725783, 0.2968926791540683, 0.2928209160124981, 0.3494044064246524, 0.2639497754714614, 0.16885120950887886, 0.22885800194260628, 0.2075980687595602, 0.3374934735703187, 0.28915057007508566, 0.24937412433122305, 0.2965541803574494, 0.2392063967149084, 0.2989011713474237, 0.18108561362418618, 0.24139385049312084, 0.24258054741597485, 0.24465824978440084, 0.28443589400727953, 0.4176454351162609, 0.1970993140994995, 0.21294339984601066, 0.30650902777522876, 0.2168256390690576, 0.27743338115943617, 0.2023832818796045, 0.23118599539128282, 0.2933197687408859, 0.22367573674117727, 0.269897512677508, 0.2756382891109098, 0.19296664908313568, 0.27695702047108584, 0.30022365162101217, 0.3628743691614815, 0.2483948737202229, 0.3357054017151575, 0.17121221415420224, 0.20381586267679144, 0.3192672858450526]
Final occlusion size list: [0.23890535594525045, 0.27717488547015473, 0.34820309914277114, 0.33096958107581714, 0.31316238265463736, 0.3798917568692756, 0.3223662543911007, 0.3489515259136402, 0.415541687100096, 0.2429739135014226, 0.178410267581383, 0.3523521811825505, 0.2852325497337322, 0.31050303760106474, 0.42910150104862166, 0.41616365165012115, 0.3531200846710638, 0.37672445599854115, 0.34429089266661594, 0.36202988437015454, 0.22957877734053933, 0.3073183549000292, 0.23374091082867443, 0.3761266370572828, 0.3349775096316425, 0.35317171016594484, 0.277658482930088, 0.38526756161643866, 0.22796820736138593, 0.3861681250217417, 0.29957896225923414, 0.3062098000233891, 0.0693830104074861, 0.2741786667276332, 0.30515617975213805, 0.36344810244668413, 0.2643442468469419, 0.29938379825414585, 0.478022874879895, 0.403538042417472, 0.38832106880738393, 0.39626586670008174, 0.22949979749874352, 0.3661513374461604, 0.29731756979982066, 0.3493483648178179, 0.33402754669483065, 0.3017389446923843, 0.35218316198226346, 0.38587864732961824, 0.23037137658303264, 0.47309306663902995, 0.3948568467274911, 0.4677136415456795, 0.4550478417325838, 0.26939339373224197, 0.4698675094642569, 0.2795114722872281, 0.2791681592325765, 0.3424096051484296, 0.36745450613278957, 0.2549109793229744, 0.4259967328914725, 0.2466872344928898, 0.3156623817144568, 0.2537515791346986, 0.22805901592115954, 0.3780850743744353, 0.24150271087095249, 0.3360110854535995, 0.23821459400912554, 0.32235254841164396, 0.2574667797528361, 0.27977100460770377, 0.24445637890931424, 0.4282618846601923, 0.3262539067117969, 0.3056578941990542, 0.2755121038660587, 0.2836889507883945, 0.20352121608304957, 0.22077075896348414, 0.33517767410447186, 0.35483012441723044, 0.35326878634875086, 0.2976597174012481, 0.33659562916867547, 0.37722655645765824, 0.3820035834169824, 0.29415782620760317, 0.41878006707976356, 0.3462615322756163, 0.41068566711354043, 0.29522383645706257, 0.18341402393611655, 0.3618389136606582, 0.2950047132343616, 0.0954487150729555, 0.3653417112136529, 0.24184604058938722]
Final error list: [1.6618104704545886, 0.2822838417612047, 2.094717604390905, 1.3540835942649796, 2.0739804855530544, 0.6304980829073265, 1.5419175881467717, 1.2706072899474272, 2.163571611832185, 2.248193095715677, 0.5437027165168358, 1.902890342935961, 1.120903015918829, 2.5175853057758752, 1.9853453242420922, 2.255296459480866, 2.094415135345462, 1.0235830556913217, 1.208722344305203, 1.492107982814398, 1.1997307643681998, 0.8868573938231537, 1.2696629767116827, 1.2500929344854759, 1.8200579053039947, 1.6679635336921477, 0.8504410930312846, 0.9844329979756289, 1.3770080370804534, 1.1350694428104782, 1.9868485171014612, 0.9441860553881718, 1.1478880564766205, 0.8082057513434949, 2.153249172310697, 1.888136938822873, 0.6398904687606177, 1.1433640147232462, 1.3950626115905254, 2.0669363267841963, 0.6923122089454802, 1.2756087041709487, 1.863475327832928, 1.0161714017880723, 1.7966294936320941, 2.4706806096148255, 0.6983181258513035, 0.803510281147298, 1.3470493029626438, 0.45112345257241704, 1.3110881248615063, 1.0375390917554208, 2.1198500736679216, 1.4535000961561388, 0.4091243736238886, 0.282160712137303, 0.964627183346184, 0.7783261336689296, 1.700050351512147, 0.827824483505643, 1.0000995614412005, 1.248556927941932, 1.0066323009903462, 1.3124304492401817, 3.2176845588828153, 1.4106949206673862, 2.7600575834598264, 0.5502156871118626, 0.5687967790419349, 2.1319565459835874, 0.6865775347933493, 1.7104194228141867, 1.0763472613268732, 0.6174625851547517, 0.5379850184806488, 0.5556594403364895, 0.7101002320415604, 2.8532226656524036, 3.049765199434282, 2.2754431568075395, 0.4387626266432772, 1.779695345708314, 0.6234592550384733, 0.3328338265310869, 0.8659579974975883, 1.4334978958566156, 1.3366777386553368, 0.3507135331847654, 0.829223321026825, 2.7259197055910764, 1.1326851496661845, 1.643918218571825, 0.645644989672855, 1.7007333928261401, 0.4678548482546861, 1.4387689607938605, 1.470087729201369, 0.9101979892036158, 0.7669810422833911, 1.3877947700107238]
=============================================================
[Range80] Found walkers:  [50, 48, 24, 48, 51, 38, 54, 31, 43, 121, 55, 24, 26, 46, 47, 37, 63, 28, 36, 41, 31, 61, 36, 39, 45, 32, 17, 25, 28, 50, 37, 54, 50, 46, 56, 43, 31, 19, 17, 32, 21, 46, 45, 58, 37, 21, 57, 40, 49, 33, 20, 32, 34, 34, 53, 38, 50, 45, 29, 44, 37, 39, 27, 26, 37, 34, 34, 40, 47, 41, 65, 39, 30, 53, 25, 30, 78, 27, 33, 52, 45, 55, 47, 23, 38, 36, 35, 44, 50, 22, 13, 52]
[Range80] Found cyclists:  [1, 3, 7, 2, 4, 5, 3, 2, 5, 5, 2, 3, 4, 2, 4, 4, 5, 3, 4, 4, 4, 2, 5, 4, 7, 2, 3, 3, 2, 3, 4, 3, 4, 2, 4, 2, 3, 4, 2, 4, 8, 3, 3, 6, 4, 3, 1, 5, 4, 3, 2, 3, 2, 5, 3, 5, 4, 2, 1, 5, 4, 6, 2, 5, 4, 2, 5, 4, 2, 1, 4, 5, 2, 3, 3, 1, 3, 5, 3, 2, 4, 2, 4, 11, 2, 2, 7, 5, 1, 5, 1, 3]
[Range80] Found vehicles:  [18, 10, 14, 17, 13, 9, 11, 13, 20, 26, 12, 18, 11, 6, 13, 12, 18, 16, 6, 20, 14, 19, 19, 14, 15, 15, 10, 12, 9, 14, 18, 10, 21, 18, 8, 13, 21, 8, 8, 17, 13, 21, 4, 20, 17, 17, 12, 20, 15, 15, 7, 15, 9, 20, 16, 17, 20, 15, 13, 11, 4, 9, 7, 17, 18, 10, 15, 12, 11, 9, 17, 17, 9, 14, 15, 0, 14, 18, 7, 7, 20, 23, 12, 13, 9, 13, 21, 16, 7, 16, 4, 19]
[Range50] Found walkers:  [31, 11, 7, 36, 32, 21, 27, 22, 21, 86, 42, 20, 19, 22, 34, 20, 18, 21, 24, 33, 18, 38, 24, 29, 29, 14, 14, 15, 18, 43, 22, 33, 40, 34, 28, 22, 11, 14, 11, 19, 12, 28, 35, 18, 18, 13, 42, 22, 27, 20, 16, 21, 12, 18, 32, 20, 22, 26, 18, 33, 23, 17, 21, 11, 24, 25, 10, 24, 29, 32, 41, 17, 22, 35, 13, 13, 46, 17, 22, 31, 33, 42, 34, 16, 23, 18, 23, 23, 21, 16, 12, 31]
[Range50] Found cyclists:  [1, 1, 3, 2, 4, 2, 3, 1, 5, 3, 2, 3, 2, 2, 3, 3, 1, 2, 2, 3, 4, 2, 5, 3, 5, 2, 2, 2, 2, 2, 4, 3, 3, 2, 4, 2, 2, 4, 2, 2, 6, 2, 3, 2, 3, 1, 1, 4, 2, 3, 1, 2, 1, 3, 3, 4, 3, 1, 1, 3, 2, 4, 2, 4, 3, 2, 3, 4, 2, 1, 4, 4, 2, 2, 2, 1, 2, 4, 2, 2, 3, 2, 3, 4, 2, 2, 5, 4, 1, 2, 1, 2]
[Range50] Found vehicles:  [10, 6, 9, 11, 7, 2, 6, 6, 9, 14, 8, 11, 7, 4, 10, 7, 12, 11, 6, 11, 8, 13, 12, 8, 6, 9, 5, 7, 6, 10, 9, 5, 12, 10, 5, 11, 11, 5, 4, 6, 6, 13, 1, 10, 10, 11, 9, 10, 7, 9, 4, 9, 5, 7, 10, 10, 10, 10, 9, 10, 3, 5, 3, 11, 8, 5, 9, 7, 7, 4, 11, 10, 6, 7, 11, 0, 5, 8, 3, 5, 11, 17, 8, 5, 7, 9, 11, 9, 2, 9, 4, 13]
[Range20] Found walkers:  [12, 3, 4, 2, 8, 7, 12, 11, 8, 13, 11, 1, 6, 16, 5, 7, 8, 5, 9, 5, 6, 7, 6, 11, 4, 4, 4, 5, 0, 14, 7, 4, 10, 9, 12, 9, 6, 6, 7, 3, 2, 14, 9, 6, 4, 9, 8, 11, 9, 8, 2, 7, 9, 8, 18, 1, 4, 5, 10, 3, 7, 8, 0, 0, 12, 12, 4, 13, 11, 9, 6, 4, 8, 3, 2, 7, 13, 8, 6, 2, 13, 6, 7, 2, 7, 5, 4, 2, 11, 2, 5, 8]
[Range20] Found cyclists:  [0, 1, 1, 1, 4, 1, 1, 1, 3, 1, 2, 1, 1, 1, 1, 2, 1, 2, 1, 1, 2, 1, 2, 1, 1, 0, 2, 1, 0, 1, 1, 2, 1, 1, 3, 1, 0, 3, 1, 1, 4, 0, 1, 2, 1, 1, 1, 4, 1, 2, 1, 1, 1, 2, 1, 4, 1, 1, 1, 1, 1, 1, 0, 3, 2, 2, 0, 1, 0, 1, 1, 0, 1, 2, 0, 0, 2, 3, 1, 2, 2, 1, 2, 2, 1, 1, 0, 1, 1, 1, 1, 1]
[Range20] Found vehicles:  [1, 0, 3, 2, 0, 1, 3, 0, 2, 1, 2, 1, 3, 1, 1, 0, 3, 2, 1, 3, 2, 1, 3, 1, 0, 4, 1, 0, 1, 1, 2, 2, 3, 1, 2, 1, 5, 2, 2, 1, 3, 2, 0, 2, 1, 5, 3, 3, 4, 0, 0, 1, 0, 2, 2, 0, 4, 1, 5, 0, 1, 1, 0, 3, 4, 1, 2, 3, 1, 1, 3, 3, 1, 1, 5, 0, 1, 4, 0, 1, 5, 4, 3, 2, 3, 0, 2, 2, 1, 5, 1, 3]
