Avarage icp error: 0.021269671494989782
icp error std: 0.008687412535941132
Average covisible reduced rate: 1.0
Average occlusion reduced rate: 0.0
Average reduced rate: 1.0
Average estimated position error: 0.0
=============================================================
[Range80] Found walkers rate:  0.5712274414437476
[Range80] Found cyclists rate:  0.724950884086444
[Range80] Found vehicles rate:  0.7227018791264601
[Range50] Found walkers rate:  0.8006319115323854
[Range50] Found cyclists rate:  0.9316546762589928
[Range50] Found vehicles rate:  0.9391408114558473
[Range20] Found walkers rate:  0.9870875179340028
[Range20] Found cyclists rate:  0.9924812030075187
[Range20] Found vehicles rate:  1.0
=============================================================
=============================================================
Final average reduced list: [1.0, 1.0, 1.0, 1.0, 1.0, 1.0, 1.0, 1.0, 1.0, 1.0, 1.0, 1.0, 1.0, 1.0, 1.0, 1.0, 1.0, 1.0, 1.0, 1.0, 1.0, 1.0, 1.0, 1.0, 1.0, 1.0, 1.0, 1.0, 1.0, 1.0, 1.0, 1.0, 1.0, 1.0, 1.0, 1.0, 1.0, 1.0, 1.0, 1.0, 1.0, 1.0, 1.0, 1.0, 1.0, 1.0, 1.0, 1.0, 1.0, 1.0, 1.0, 1.0, 1.0, 1.0, 1.0, 1.0, 1.0, 1.0, 1.0, 1.0, 1.0, 1.0, 1.0, 1.0, 1.0, 1.0, 1.0, 1.0, 1.0, 1.0, 1.0, 1.0, 1.0, 1.0, 1.0, 1.0, 1.0, 1.0, 1.0, 1.0, 1.0, 1.0, 1.0, 1.0, 1.0, 1.0, 1.0, 1.0, 1.0, 1.0, 1.0, 1.0, 1.0, 1.0, 1.0, 1.0, 1.0, 1.0, 1.0, 1.0]
Final occlusion size list: []
Final error list: []
=============================================================
[Range80] Found walkers:  [57, 51, 31, 49, 54, 42, 59, 33, 47, 135, 62, 25, 29, 51, 51, 42, 73, 35, 40, 44, 35, 64, 43, 47, 49, 38, 23, 28, 31, 53, 42, 56, 54, 46, 66, 52, 38, 32, 22, 19, 38, 30, 55, 48, 71, 39, 27, 66, 38, 45, 55, 37, 23, 37, 26, 42, 39, 57, 48, 62, 52, 34, 46, 40, 45, 30, 53, 28, 44, 39, 41, 46, 53, 43, 22, 70, 23, 42, 36, 56, 38, 41, 85, 35, 34, 29, 61, 50, 22, 63, 51, 38, 42, 45, 55, 46, 53, 29, 20, 52]
[Range80] Found cyclists:  [1, 3, 7, 2, 4, 6, 3, 4, 5, 5, 2, 3, 4, 3, 4, 5, 5, 3, 4, 4, 4, 2, 5, 5, 7, 2, 4, 4, 2, 3, 4, 3, 4, 2, 4, 2, 3, 1, 4, 2, 4, 8, 3, 3, 7, 4, 3, 1, 1, 5, 5, 3, 3, 3, 3, 2, 5, 3, 6, 4, 2, 1, 5, 5, 6, 2, 5, 5, 4, 2, 5, 5, 4, 1, 1, 4, 5, 6, 2, 3, 3, 1, 3, 5, 3, 2, 2, 4, 4, 3, 4, 11, 2, 4, 8, 5, 2, 6, 1, 3]
[Range80] Found vehicles:  [21, 12, 14, 17, 14, 12, 11, 14, 20, 29, 15, 18, 13, 7, 17, 14, 21, 16, 6, 20, 16, 19, 19, 15, 15, 15, 11, 12, 9, 15, 18, 10, 21, 18, 8, 13, 22, 13, 10, 8, 17, 13, 26, 4, 20, 17, 19, 14, 3, 20, 16, 15, 7, 15, 3, 9, 22, 17, 17, 20, 17, 15, 12, 4, 10, 7, 14, 17, 20, 10, 19, 14, 11, 10, 4, 18, 13, 19, 9, 14, 15, 0, 14, 19, 9, 6, 7, 22, 12, 27, 12, 13, 10, 15, 25, 18, 9, 16, 4, 21]
[Range50] Found walkers:  [32, 12, 7, 36, 32, 22, 28, 22, 21, 88, 46, 20, 19, 22, 35, 21, 19, 23, 24, 33, 18, 39, 29, 32, 32, 16, 18, 15, 19, 43, 24, 33, 42, 34, 29, 25, 11, 25, 14, 11, 21, 13, 30, 36, 20, 19, 18, 46, 27, 25, 28, 20, 16, 22, 18, 12, 20, 33, 22, 22, 28, 18, 34, 25, 22, 21, 30, 11, 26, 26, 12, 25, 31, 33, 18, 43, 17, 17, 22, 37, 16, 16, 47, 19, 22, 15, 34, 34, 15, 46, 35, 18, 25, 21, 30, 25, 21, 16, 13, 31]
[Range50] Found cyclists:  [1, 1, 3, 2, 4, 2, 3, 2, 5, 3, 2, 3, 2, 2, 3, 3, 1, 2, 2, 3, 4, 2, 5, 3, 5, 2, 2, 2, 2, 2, 4, 3, 3, 2, 4, 2, 2, 1, 4, 2, 2, 6, 2, 3, 3, 3, 1, 1, 1, 4, 2, 3, 2, 2, 3, 1, 3, 3, 4, 3, 1, 1, 3, 3, 4, 2, 2, 4, 3, 2, 3, 4, 2, 1, 1, 4, 4, 4, 2, 2, 2, 1, 2, 4, 2, 2, 2, 3, 2, 3, 3, 4, 2, 2, 5, 4, 2, 2, 1, 2]
[Range50] Found vehicles:  [11, 6, 9, 11, 7, 2, 6, 6, 9, 14, 8, 11, 8, 5, 10, 7, 12, 11, 6, 11, 9, 13, 12, 8, 6, 9, 5, 7, 6, 10, 9, 5, 12, 10, 5, 11, 11, 9, 6, 4, 6, 6, 14, 1, 10, 10, 11, 10, 1, 10, 8, 9, 4, 9, 3, 5, 7, 10, 10, 10, 10, 10, 10, 3, 5, 3, 7, 11, 10, 5, 10, 7, 7, 4, 4, 12, 6, 10, 6, 7, 11, 0, 5, 8, 3, 2, 5, 12, 8, 17, 8, 5, 7, 9, 11, 9, 3, 9, 4, 13]
[Range20] Found walkers:  [12, 3, 4, 2, 8, 7, 12, 11, 8, 13, 11, 1, 6, 16, 5, 7, 8, 5, 9, 5, 6, 7, 6, 11, 4, 4, 4, 5, 0, 14, 7, 4, 10, 9, 12, 9, 6, 5, 6, 7, 3, 2, 14, 9, 6, 4, 12, 9, 1, 11, 9, 8, 2, 7, 0, 9, 8, 18, 1, 4, 5, 10, 3, 7, 8, 0, 14, 0, 12, 12, 4, 13, 11, 9, 10, 6, 4, 4, 8, 4, 2, 7, 13, 9, 6, 3, 2, 14, 3, 6, 7, 2, 7, 5, 4, 2, 11, 2, 5, 8]
[Range20] Found cyclists:  [0, 1, 1, 1, 4, 1, 1, 1, 3, 1, 2, 1, 1, 1, 1, 2, 1, 2, 1, 1, 2, 1, 2, 1, 1, 0, 2, 1, 0, 1, 1, 2, 1, 1, 3, 1, 0, 1, 3, 1, 1, 4, 0, 1, 2, 1, 1, 1, 1, 4, 1, 2, 1, 1, 3, 1, 2, 1, 4, 1, 1, 1, 1, 1, 1, 0, 1, 3, 2, 2, 0, 1, 0, 1, 0, 1, 2, 0, 1, 2, 0, 0, 2, 3, 1, 2, 2, 2, 2, 1, 2, 2, 1, 1, 0, 1, 1, 1, 1, 1]
[Range20] Found vehicles:  [1, 0, 3, 2, 0, 1, 3, 0, 2, 1, 2, 1, 3, 1, 1, 0, 3, 2, 1, 3, 2, 1, 3, 1, 0, 4, 1, 0, 1, 1, 2, 2, 3, 1, 2, 1, 5, 4, 2, 2, 1, 3, 2, 0, 2, 1, 5, 3, 0, 3, 4, 0, 0, 1, 1, 0, 2, 2, 0, 4, 1, 5, 0, 1, 1, 0, 0, 3, 4, 1, 2, 3, 1, 1, 1, 3, 1, 3, 1, 1, 5, 0, 1, 4, 0, 0, 1, 5, 3, 4, 3, 2, 3, 0, 2, 2, 1, 5, 1, 3]
