With points density: 10
With reduced rate target: 0.15
Final correct: 282
=============================================================
Avarage icp error: 0.02678486259991509
icp error std: 28.46348341156818
Average covisible reduced rate: 1.0
Average occlusion reduced rate: 0.0
Average reduced rate: 1.0
Average estimated position error: 0.0
=============================================================
[Range80] Found walkers rate:  0.6337604602510452
[Range80] Found cyclists rate:  0.7631027253668603
[Range80] Found vehicles rate:  0.7714598141060647
[Range50] Found walkers rate:  0.8296754250386373
[Range50] Found cyclists rate:  0.9402390438246637
[Range50] Found vehicles rate:  0.9635627530364242
[Range20] Found walkers rate:  0.99569583931132
[Range20] Found cyclists rate:  0.9999999999998809
[Range20] Found vehicles rate:  0.999999999999875
=============================================================
=============================================================
Final average reduced list: [1.0, 1.0, 1.0, 1.0, 1.0, 1.0, 1.0, 1.0, 1.0, 1.0, 1.0, 1.0, 1.0, 1.0, 1.0, 1.0, 1.0, 1.0, 1.0, 1.0, 1.0, 1.0, 1.0, 1.0, 1.0, 1.0, 1.0, 1.0, 1.0, 1.0, 1.0, 1.0, 1.0, 1.0, 1.0, 1.0, 1.0, 1.0, 1.0, 1.0, 1.0, 1.0, 1.0, 1.0, 1.0, 1.0, 1.0, 1.0, 1.0, 1.0, 1.0, 1.0, 1.0, 1.0, 1.0, 1.0, 1.0, 1.0, 1.0, 1.0, 1.0, 1.0, 1.0, 1.0, 1.0, 1.0, 1.0, 1.0, 1.0, 1.0, 1.0, 1.0, 1.0, 1.0, 1.0, 1.0, 1.0, 1.0, 1.0, 1.0, 1.0, 1.0, 1.0, 1.0, 1.0, 1.0, 1.0, 1.0, 1.0, 1.0, 1.0, 1.0, 1.0, 1.0, 1.0, 1.0, 1.0, 1.0, 1.0, 1.0, 1.0, 1.0, 1.0, 1.0, 1.0, 1.0, 1.0, 1.0, 1.0, 1.0, 1.0, 1.0, 1.0, 1.0, 1.0, 1.0, 1.0, 1.0, 1.0, 1.0, 1.0, 1.0, 1.0, 1.0, 1.0, 1.0, 1.0, 1.0, 1.0, 1.0, 1.0, 1.0, 1.0, 1.0, 1.0, 1.0, 1.0, 1.0, 1.0, 1.0, 1.0, 1.0, 1.0, 1.0, 1.0, 1.0, 1.0, 1.0, 1.0, 1.0, 1.0, 1.0, 1.0, 1.0, 1.0, 1.0, 1.0, 1.0, 1.0, 1.0, 1.0, 1.0, 1.0, 1.0, 1.0, 1.0, 1.0, 1.0, 1.0, 1.0, 1.0, 1.0, 1.0, 1.0, 1.0, 1.0, 1.0, 1.0, 1.0, 1.0, 1.0, 1.0, 1.0, 1.0, 1.0, 1.0, 1.0, 1.0, 1.0, 1.0, 1.0, 1.0, 1.0, 1.0, 1.0, 1.0, 1.0, 1.0, 1.0, 1.0, 1.0, 1.0, 1.0, 1.0, 1.0, 1.0, 1.0, 1.0, 1.0, 1.0, 1.0, 1.0, 1.0, 1.0, 1.0, 1.0, 1.0, 1.0, 1.0, 1.0, 1.0, 1.0, 1.0, 1.0, 1.0, 1.0, 1.0, 1.0, 1.0, 1.0, 1.0, 1.0, 1.0, 1.0, 1.0, 1.0, 1.0, 1.0, 1.0, 1.0, 1.0, 1.0, 1.0, 1.0, 1.0, 1.0, 1.0, 1.0, 1.0, 1.0, 1.0, 1.0, 1.0, 1.0, 1.0, 1.0, 1.0, 1.0, 1.0, 1.0, 1.0, 1.0, 1.0, 1.0, 1.0, 1.0, 1.0, 1.0, 1.0, 1.0, 1.0, 1.0, 1.0, 1.0, 1.0, 1.0, 1.0, 1.0, 1.0, 1.0, 1.0, 1.0, 1.0, 1.0, 1.0, 1.0, 1.0, 1.0, 1.0, 1.0, 1.0, 1.0, 1.0, 1.0, 1.0, 1.0, 1.0, 1.0, 1.0, 1.0, 1.0, 1.0, 1.0, 1.0, 1.0, 1.0, 1.0, 1.0, 1.0, 1.0, 1.0, 1.0, 1.0, 1.0, 1.0, 1.0, 1.0, 1.0, 1.0, 1.0, 1.0, 1.0, 1.0, 1.0, 1.0, 1.0, 1.0, 1.0, 1.0, 1.0, 1.0, 1.0, 1.0, 1.0, 1.0, 1.0, 1.0, 1.0, 1.0, 1.0, 1.0, 1.0, 1.0, 1.0, 1.0, 1.0, 1.0, 1.0, 1.0, 1.0, 1.0, 1.0, 1.0, 1.0, 1.0, 1.0, 1.0, 1.0, 1.0, 1.0, 1.0, 1.0, 1.0, 1.0, 1.0, 1.0, 1.0, 1.0, 1.0, 1.0, 1.0, 1.0, 1.0, 1.0, 1.0, 1.0, 1.0, 1.0, 1.0, 1.0, 1.0, 1.0, 1.0, 1.0, 1.0, 1.0, 1.0, 1.0, 1.0, 1.0, 1.0, 1.0, 1.0, 1.0, 1.0, 1.0, 1.0, 1.0, 1.0, 1.0]
Final occlusion size list: []
Final error list: []
=============================================================
[Range80] Found walkers:  [32, 61, 38, 54, 46, 59, 32, 50, 62, 26, 63, 47, 55, 45, 47, 63, 27, 38, 28, 71, 50, 57, 32, 65, 52, 76, 53, 53, 35, 24, 62, 66, 69, 41, 27, 46, 34, 28, 32, 74, 46, 62, 36, 58, 51, 55, 45, 58, 59, 50, 81, 26, 22, 48, 72, 25, 50, 63, 61, 51, 58, 25, 27, 43, 70, 64, 32, 45, 54, 35, 60, 31, 54, 35, 34, 34, 71, 61, 22, 24, 70, 54, 42, 52, 68, 69, 29, 46, 62, 50, 35, 42, 32, 38, 60, 43, 44, 42, 67, 84]
[Range80] Found cyclists:  [3, 2, 8, 4, 2, 5, 4, 3, 4, 2, 4, 2, 6, 4, 1, 4, 1, 2, 3, 4, 5, 4, 3, 4, 1, 5, 2, 7, 4, 1, 4, 6, 5, 5, 2, 4, 3, 3, 1, 5, 5, 3, 2, 4, 3, 4, 2, 3, 2, 3, 6, 3, 4, 4, 5, 2, 6, 5, 7, 2, 1, 2, 0, 3, 7, 2, 5, 1, 4, 8, 4, 4, 3, 5, 6, 5, 5, 8, 2, 2, 9, 2, 4, 4, 2, 3, 3, 2, 5, 6, 1, 3, 4, 3, 2, 5, 1, 4, 3, 4]
[Range80] Found vehicles:  [18, 7, 15, 13, 20, 25, 9, 15, 13, 6, 21, 15, 14, 11, 7, 25, 6, 8, 4, 11, 23, 13, 10, 27, 4, 22, 18, 20, 12, 8, 19, 21, 13, 15, 1, 16, 13, 9, 4, 11, 20, 7, 8, 30, 19, 9, 14, 9, 16, 11, 24, 11, 8, 8, 19, 1, 24, 20, 18, 8, 9, 4, 0, 9, 18, 9, 12, 6, 20, 13, 21, 11, 10, 15, 16, 22, 23, 20, 3, 11, 22, 23, 17, 25, 29, 20, 7, 21, 15, 11, 12, 16, 9, 18, 13, 14, 3, 20, 26, 12]
[Range50] Found walkers:  [14, 42, 25, 19, 24, 38, 24, 22, 43, 18, 36, 29, 41, 29, 20, 37, 16, 19, 19, 30, 20, 30, 16, 34, 26, 28, 29, 40, 9, 14, 36, 37, 49, 19, 13, 16, 12, 21, 16, 32, 30, 30, 19, 44, 21, 39, 23, 25, 33, 23, 36, 16, 16, 26, 32, 10, 33, 41, 35, 22, 21, 12, 9, 25, 39, 24, 25, 32, 25, 19, 32, 24, 33, 21, 19, 24, 38, 40, 13, 18, 33, 31, 19, 44, 44, 47, 16, 23, 38, 18, 17, 29, 24, 20, 31, 19, 24, 23, 45, 50]
[Range50] Found cyclists:  [3, 1, 3, 1, 2, 1, 2, 2, 3, 2, 3, 2, 4, 3, 1, 3, 1, 2, 3, 3, 2, 3, 2, 3, 1, 4, 2, 5, 2, 1, 3, 2, 3, 2, 2, 3, 2, 1, 1, 4, 4, 3, 2, 4, 1, 2, 2, 2, 0, 2, 3, 2, 3, 2, 5, 0, 4, 4, 4, 2, 1, 2, 0, 1, 3, 0, 4, 0, 1, 2, 3, 3, 2, 3, 3, 5, 4, 5, 2, 2, 7, 2, 1, 3, 1, 2, 2, 1, 3, 4, 0, 3, 3, 1, 2, 3, 1, 3, 3, 1]
[Range50] Found vehicles:  [4, 4, 9, 10, 11, 10, 6, 8, 8, 6, 7, 8, 7, 5, 4, 11, 6, 5, 1, 4, 6, 5, 6, 9, 1, 12, 9, 10, 5, 8, 9, 9, 10, 9, 1, 10, 8, 8, 3, 5, 11, 5, 5, 17, 5, 5, 4, 7, 6, 7, 9, 8, 7, 3, 9, 1, 12, 13, 8, 2, 4, 2, 0, 3, 10, 5, 6, 4, 11, 3, 7, 7, 5, 7, 8, 10, 11, 12, 3, 9, 11, 8, 7, 13, 14, 12, 6, 11, 5, 6, 8, 7, 5, 7, 6, 9, 2, 11, 13, 5]
[Range20] Found walkers:  [2, 9, 8, 8, 4, 14, 4, 2, 9, 0, 1, 9, 16, 9, 8, 13, 5, 7, 1, 13, 9, 11, 2, 7, 7, 6, 6, 14, 2, 0, 5, 6, 13, 2, 5, 3, 2, 2, 3, 7, 4, 8, 8, 12, 6, 12, 10, 8, 17, 7, 8, 8, 4, 7, 3, 1, 7, 9, 12, 3, 6, 2, 4, 0, 18, 6, 9, 7, 10, 5, 3, 9, 8, 6, 5, 7, 17, 5, 0, 7, 7, 11, 3, 13, 13, 13, 0, 4, 13, 7, 2, 12, 4, 8, 9, 4, 5, 3, 11, 10]
[Range20] Found cyclists:  [2, 0, 0, 1, 0, 0, 2, 0, 1, 1, 0, 1, 1, 1, 1, 3, 1, 0, 1, 1, 0, 2, 0, 0, 0, 2, 1, 1, 0, 1, 0, 0, 0, 1, 2, 2, 0, 0, 1, 0, 1, 2, 2, 1, 1, 1, 0, 1, 0, 2, 2, 1, 0, 2, 1, 0, 1, 0, 2, 1, 0, 2, 0, 1, 1, 0, 2, 0, 0, 0, 1, 0, 1, 2, 2, 2, 2, 1, 2, 1, 0, 1, 1, 0, 0, 1, 1, 1, 1, 1, 0, 2, 1, 0, 1, 0, 1, 1, 0, 0]
[Range20] Found vehicles:  [1, 0, 1, 2, 0, 3, 0, 2, 1, 2, 0, 1, 1, 1, 0, 2, 2, 2, 0, 0, 1, 0, 0, 1, 0, 2, 0, 0, 2, 0, 0, 0, 0, 1, 1, 3, 3, 0, 1, 0, 2, 1, 1, 1, 1, 0, 1, 0, 0, 0, 1, 1, 1, 2, 1, 0, 0, 0, 2, 0, 0, 0, 0, 1, 2, 0, 0, 0, 3, 0, 0, 1, 0, 1, 2, 2, 0, 0, 0, 2, 1, 0, 1, 1, 2, 1, 0, 0, 0, 0, 1, 1, 1, 1, 1, 1, 0, 3, 0, 0]
