With points density: 10
With reduced rate target: 0.15
Final correct: 345
=============================================================
Avarage icp error: 0.0277745469771602
icp error std: 20.77412229357483
Average covisible reduced rate: 1.0
Average occlusion reduced rate: 0.0
Average reduced rate: 1.0
Average estimated position error: 0.0
=============================================================
[Range80] Found walkers rate:  0.6765562628115215
[Range80] Found cyclists rate:  0.7795275590551027
[Range80] Found vehicles rate:  0.7983316977428813
[Range50] Found walkers rate:  0.883677795442499
[Range50] Found cyclists rate:  0.9574468085106044
[Range50] Found vehicles rate:  0.9653979238754213
[Range20] Found walkers rate:  0.9977090492554296
[Range20] Found cyclists rate:  0.9999999999999193
[Range20] Found vehicles rate:  0.9943502824858195
=============================================================
=============================================================
Final average reduced list: [1.0, 1.0, 1.0, 1.0, 1.0, 1.0, 1.0, 1.0, 1.0, 1.0, 1.0, 1.0, 1.0, 1.0, 1.0, 1.0, 1.0, 1.0, 1.0, 1.0, 1.0, 1.0, 1.0, 1.0, 1.0, 1.0, 1.0, 1.0, 1.0, 1.0, 1.0, 1.0, 1.0, 1.0, 1.0, 1.0, 1.0, 1.0, 1.0, 1.0, 1.0, 1.0, 1.0, 1.0, 1.0, 1.0, 1.0, 1.0, 1.0, 1.0, 1.0, 1.0, 1.0, 1.0, 1.0, 1.0, 1.0, 1.0, 1.0, 1.0, 1.0, 1.0, 1.0, 1.0, 1.0, 1.0, 1.0, 1.0, 1.0, 1.0, 1.0, 1.0, 1.0, 1.0, 1.0, 1.0, 1.0, 1.0, 1.0, 1.0, 1.0, 1.0, 1.0, 1.0, 1.0, 1.0, 1.0, 1.0, 1.0, 1.0, 1.0, 1.0, 1.0, 1.0, 1.0, 1.0, 1.0, 1.0, 1.0, 1.0, 1.0, 1.0, 1.0, 1.0, 1.0, 1.0, 1.0, 1.0, 1.0, 1.0, 1.0, 1.0, 1.0, 1.0, 1.0, 1.0, 1.0, 1.0, 1.0, 1.0, 1.0, 1.0, 1.0, 1.0, 1.0, 1.0, 1.0, 1.0, 1.0, 1.0, 1.0, 1.0, 1.0, 1.0, 1.0, 1.0, 1.0, 1.0, 1.0, 1.0, 1.0, 1.0, 1.0, 1.0, 1.0, 1.0, 1.0, 1.0, 1.0, 1.0, 1.0, 1.0, 1.0, 1.0, 1.0, 1.0, 1.0, 1.0, 1.0, 1.0, 1.0, 1.0, 1.0, 1.0, 1.0, 1.0, 1.0, 1.0, 1.0, 1.0, 1.0, 1.0, 1.0, 1.0, 1.0, 1.0, 1.0, 1.0, 1.0, 1.0, 1.0, 1.0, 1.0, 1.0, 1.0, 1.0, 1.0, 1.0, 1.0, 1.0, 1.0, 1.0, 1.0, 1.0, 1.0, 1.0, 1.0, 1.0, 1.0, 1.0, 1.0, 1.0, 1.0, 1.0, 1.0, 1.0, 1.0, 1.0, 1.0, 1.0, 1.0, 1.0, 1.0, 1.0, 1.0, 1.0, 1.0, 1.0, 1.0, 1.0, 1.0, 1.0, 1.0, 1.0, 1.0, 1.0, 1.0, 1.0, 1.0, 1.0, 1.0, 1.0, 1.0, 1.0, 1.0, 1.0, 1.0, 1.0, 1.0, 1.0, 1.0, 1.0, 1.0, 1.0, 1.0, 1.0, 1.0, 1.0, 1.0, 1.0, 1.0, 1.0, 1.0, 1.0, 1.0, 1.0, 1.0, 1.0, 1.0, 1.0, 1.0, 1.0, 1.0, 1.0, 1.0, 1.0, 1.0, 1.0, 1.0, 1.0, 1.0, 1.0, 1.0, 1.0, 1.0, 1.0, 1.0, 1.0, 1.0, 1.0, 1.0, 1.0, 1.0, 1.0, 1.0, 1.0, 1.0, 1.0, 1.0, 1.0, 1.0, 1.0, 1.0, 1.0, 1.0, 1.0, 1.0, 1.0, 1.0, 1.0, 1.0, 1.0, 1.0, 1.0, 1.0, 1.0, 1.0, 1.0, 1.0, 1.0, 1.0, 1.0, 1.0, 1.0, 1.0, 1.0, 1.0, 1.0, 1.0, 1.0, 1.0, 1.0, 1.0, 1.0, 1.0, 1.0, 1.0, 1.0, 1.0, 1.0, 1.0, 1.0, 1.0, 1.0, 1.0, 1.0, 1.0, 1.0, 1.0, 1.0, 1.0, 1.0, 1.0, 1.0, 1.0, 1.0, 1.0, 1.0, 1.0, 1.0, 1.0, 1.0, 1.0, 1.0, 1.0, 1.0, 1.0, 1.0, 1.0, 1.0, 1.0, 1.0, 1.0, 1.0, 1.0, 1.0, 1.0, 1.0, 1.0, 1.0, 1.0, 1.0, 1.0, 1.0, 1.0, 1.0, 1.0, 1.0, 1.0, 1.0, 1.0, 1.0, 1.0, 1.0, 1.0, 1.0, 1.0, 1.0, 1.0, 1.0, 1.0, 1.0, 1.0, 1.0, 1.0, 1.0, 1.0, 1.0, 1.0, 1.0, 1.0, 1.0, 1.0, 1.0, 1.0, 1.0, 1.0, 1.0, 1.0, 1.0, 1.0, 1.0, 1.0, 1.0, 1.0, 1.0, 1.0, 1.0, 1.0, 1.0, 1.0, 1.0, 1.0, 1.0, 1.0, 1.0, 1.0, 1.0, 1.0, 1.0, 1.0, 1.0, 1.0, 1.0, 1.0, 1.0, 1.0, 1.0, 1.0, 1.0, 1.0, 1.0, 1.0, 1.0, 1.0, 1.0, 1.0, 1.0, 1.0, 1.0, 1.0, 1.0, 1.0, 1.0, 1.0, 1.0, 1.0, 1.0, 1.0, 1.0, 1.0, 1.0, 1.0, 1.0, 1.0, 1.0, 1.0, 1.0, 1.0, 1.0, 1.0, 1.0, 1.0, 1.0, 1.0, 1.0, 1.0, 1.0, 1.0, 1.0, 1.0, 1.0, 1.0, 1.0, 1.0, 1.0, 1.0, 1.0, 1.0, 1.0, 1.0, 1.0, 1.0, 1.0, 1.0, 1.0, 1.0, 1.0, 1.0, 1.0]
Final occlusion size list: []
Final error list: []
=============================================================
[Range80] Found walkers:  [31, 81, 51, 59, 52, 65, 67, 31, 70, 49, 69, 54, 46, 40, 66, 83, 71, 49, 163, 137, 91, 155, 144, 71, 54, 41, 49, 66, 50, 43, 60, 69, 33, 43, 35, 54, 81, 57, 49, 65, 29, 56, 61, 36, 60, 34, 70, 37, 154, 148, 184, 166, 131, 57, 39, 87, 66, 66, 26, 72, 50, 38, 55, 38, 18, 92, 51, 28, 88, 29, 60, 58, 52, 36, 34, 63, 59, 22, 46, 70, 52, 73, 37, 30, 78, 63, 44, 44, 27, 57, 57, 74, 73, 65, 66, 41, 37, 41, 54, 48]
[Range80] Found cyclists:  [2, 3, 7, 6, 2, 4, 4, 6, 3, 7, 6, 2, 3, 3, 4, 6, 5, 2, 10, 3, 4, 4, 5, 1, 1, 6, 5, 7, 4, 5, 4, 2, 3, 4, 2, 3, 5, 5, 3, 2, 1, 2, 3, 3, 4, 3, 6, 3, 7, 4, 5, 4, 7, 2, 3, 5, 3, 3, 5, 10, 2, 2, 2, 4, 2, 4, 3, 1, 6, 7, 6, 4, 3, 3, 4, 4, 5, 1, 5, 3, 3, 3, 3, 1, 3, 3, 3, 4, 3, 2, 5, 8, 4, 5, 6, 3, 6, 6, 4, 4]
[Range80] Found vehicles:  [9, 22, 25, 19, 17, 19, 19, 6, 9, 17, 23, 12, 20, 7, 23, 18, 22, 17, 25, 15, 12, 33, 27, 9, 19, 15, 14, 17, 19, 26, 17, 9, 14, 17, 14, 9, 16, 16, 19, 18, 0, 15, 27, 5, 19, 6, 14, 12, 14, 23, 36, 37, 17, 26, 15, 15, 12, 18, 17, 24, 13, 5, 16, 7, 3, 30, 10, 4, 17, 20, 18, 13, 10, 10, 12, 14, 18, 1, 17, 14, 8, 20, 14, 4, 19, 23, 10, 23, 13, 14, 18, 21, 29, 17, 24, 10, 10, 20, 20, 22]
[Range50] Found walkers:  [20, 44, 29, 37, 38, 32, 43, 17, 32, 31, 21, 27, 13, 20, 47, 54, 38, 25, 89, 83, 50, 94, 55, 50, 22, 12, 25, 40, 36, 16, 25, 36, 22, 18, 18, 18, 52, 37, 33, 26, 14, 27, 30, 20, 26, 24, 27, 21, 87, 79, 101, 96, 82, 14, 21, 51, 29, 41, 18, 48, 22, 25, 33, 17, 12, 57, 32, 15, 33, 12, 28, 21, 14, 30, 25, 38, 41, 8, 32, 29, 24, 43, 19, 14, 40, 21, 22, 17, 14, 37, 29, 23, 50, 30, 44, 24, 17, 24, 25, 13]
[Range50] Found cyclists:  [1, 2, 6, 4, 1, 2, 2, 5, 2, 4, 2, 1, 1, 2, 3, 3, 5, 1, 6, 3, 3, 2, 3, 1, 1, 4, 4, 4, 1, 3, 3, 1, 2, 2, 2, 2, 2, 2, 2, 2, 1, 2, 2, 1, 2, 3, 5, 3, 6, 4, 4, 3, 4, 1, 3, 2, 2, 2, 4, 5, 2, 1, 2, 3, 2, 2, 2, 1, 2, 7, 6, 2, 1, 3, 3, 2, 3, 1, 3, 2, 2, 3, 2, 1, 2, 3, 3, 3, 3, 2, 3, 4, 2, 5, 3, 3, 4, 5, 3, 3]
[Range50] Found vehicles:  [7, 11, 14, 12, 10, 10, 10, 5, 7, 7, 11, 7, 7, 4, 12, 8, 12, 9, 13, 8, 6, 18, 13, 5, 7, 10, 10, 11, 11, 13, 6, 4, 12, 6, 7, 3, 4, 8, 9, 11, 0, 8, 10, 4, 6, 5, 8, 4, 8, 13, 14, 14, 10, 10, 8, 8, 7, 11, 11, 11, 4, 1, 9, 4, 3, 13, 6, 4, 6, 9, 7, 7, 5, 7, 8, 9, 10, 1, 5, 8, 4, 11, 9, 3, 9, 9, 4, 12, 11, 9, 8, 10, 20, 8, 14, 5, 7, 13, 8, 9]
[Range20] Found walkers:  [2, 7, 6, 7, 12, 8, 9, 5, 7, 15, 2, 7, 4, 9, 11, 13, 15, 6, 21, 27, 14, 23, 16, 12, 6, 0, 4, 11, 10, 3, 12, 5, 10, 7, 2, 9, 17, 9, 9, 6, 8, 8, 9, 9, 7, 5, 12, 8, 27, 22, 30, 18, 23, 6, 4, 10, 8, 19, 0, 19, 9, 3, 5, 5, 4, 8, 11, 5, 4, 2, 5, 11, 6, 2, 9, 9, 9, 2, 12, 5, 9, 7, 4, 4, 4, 4, 5, 4, 5, 7, 5, 7, 10, 3, 7, 6, 7, 4, 7, 6]
[Range20] Found cyclists:  [1, 1, 3, 0, 1, 1, 2, 2, 1, 2, 1, 1, 1, 1, 0, 1, 1, 1, 3, 1, 0, 1, 1, 1, 1, 1, 2, 2, 1, 1, 2, 1, 1, 1, 1, 1, 1, 2, 1, 1, 0, 2, 1, 1, 0, 1, 1, 1, 2, 2, 1, 1, 2, 0, 2, 1, 1, 1, 1, 1, 1, 1, 2, 0, 1, 1, 2, 1, 2, 1, 3, 2, 1, 1, 2, 1, 0, 0, 3, 2, 1, 0, 1, 1, 1, 1, 3, 2, 1, 1, 2, 3, 1, 1, 1, 2, 2, 1, 2, 0]
[Range20] Found vehicles:  [2, 1, 2, 4, 0, 1, 3, 2, 2, 2, 4, 0, 3, 2, 2, 0, 1, 2, 1, 2, 2, 2, 3, 1, 2, 4, 2, 0, 1, 4, 0, 3, 0, 1, 3, 0, 1, 1, 3, 2, 0, 1, 3, 0, 2, 2, 1, 2, 2, 4, 3, 3, 4, 5, 1, 1, 0, 2, 1, 4, 0, 0, 3, 1, 0, 4, 1, 1, 1, 4, 3, 2, 0, 1, 2, 1, 1, 1, 1, 1, 0, 2, 2, 0, 1, 0, 1, 7, 2, 1, 1, 0, 2, 2, 3, 0, 3, 2, 2, 5]
