With points density: 10
With reduced rate target: 0.15
Final correct: 251
=============================================================
Avarage icp error: 0.030441862060477613
icp error std: 33.53247448748449
Average covisible reduced rate: 0.247204644538457
Average occlusion reduced rate: 0.27464537173192033
Average reduced rate: 0.5218500162703773
Average estimated position error: 5.057395454234029
=============================================================
[Range80] Found walkers rate:  0.5302039748953968
[Range80] Found cyclists rate:  0.6477987421383512
[Range80] Found vehicles rate:  0.703116457080368
[Range50] Found walkers rate:  0.7567233384853145
[Range50] Found cyclists rate:  0.8446215139441895
[Range50] Found vehicles rate:  0.9068825910931052
[Range20] Found walkers rate:  0.9885222381635439
[Range20] Found cyclists rate:  0.9761904761903599
[Range20] Found vehicles rate:  0.999999999999875
=============================================================
=============================================================
Final average reduced list: [0.21185722077536126, 0.20473883564603815, 0.16101193674227382, 0.20933084228867246, 0.20915447417347022, 0.2617116496184376, 0.32114496027807393, 0.18308475126837295, 0.17075127268987506, 0.22153210598322903, 0.21030249102423568, 0.1714571083233644, 0.2889188648700848, 0.2827806359459686, 0.12841641419328334, 0.25331543085998937, 0.15270103906762683, 0.2792663182920539, 0.28488969450219254, 0.18763403879851573, 0.1508133875484044, 0.2460899988713864, 0.35133815355447584, 0.2405888505304216, 0.21809140259636692, 0.22664006656915595, 0.20993776224113872, 0.19092272803034513, 0.155937308364586, 0.13828955504174634, 0.3111998710672101, 0.17664819539464063, 0.2699762732246709, 0.21533146675687095, 0.11400817108732803, 0.2741795990982929, 0.21246334890090596, 0.08876057051635187, 0.1797406687293476, 0.24665286332066572, 0.25876499673344344, 0.27580587766120623, 0.2821021356696513, 0.21545647607282034, 0.39292897171988267, 0.2673082476440516, 0.2350316038591255, 0.09709523455476453, 0.15830957791994535, 0.2169613380285211, 0.31179165288289384, 0.2645877485821578, 0.24867716263581754, 0.2937338089266309, 0.28863923739783787, 0.18273272051845224, 0.23678110469502242, 0.23112899067453954, 0.20965242060105635, 0.19948965358655166, 0.2232086073183213, 0.27013819575163617, 0.2966187205234234, 0.22574899760802603, 0.18536698465794468, 0.08403695403717398, 0.17435539843297687, 0.17190264130453822, 0.16642559952495395, 0.1996755962281953, 0.22501402687141475, 0.19310418875572077, 0.18724070514490349, 0.2205628421925223, 0.1421060350632618, 0.17052968455204273, 0.15617058755582935, 0.14476617839913639, 0.31876335814850093, 0.23162660683621245, 0.2373951970219566, 0.2702436419218799, 0.3117372380449685, 0.15235661184236626, 0.2873059819671869, 0.3050773335658658, 0.18828307909247316, 0.17012499017644403, 0.16735963597545853, 0.2295629138251128, 0.28125454968198405, 0.053150290107368506, 0.19491902577261172, 0.15336135434183037, 0.2897867182615903, 0.33715549339936934, 0.15778713005291278, 0.19870908589325414, 0.29798307418620285, 0.30752334576409013, 0.2711018975082446, 0.23344300383777616, 0.19955219886026124, 0.2624932979377264, 0.2369018232349712, 0.21454302425891342, 0.3075084210796981, 0.26519830855319443, 0.21332271865271224, 0.23644600195359985, 0.34566487337372365, 0.3015997326433966, 0.23693187776900534, 0.23107786415816267, 0.19642212479577667, 0.20891875381795968, 0.16541179196107958, 0.16810395855969146, 0.16508310404666232, 0.23417900716403506, 0.14378290170480845, 0.3128719661746864, 0.24571642679244451, 0.36505376534132683, 0.2636393022791752, 0.208804622930992, 0.23995177770848963, 0.3916975096280343, 0.21682160759069574, 0.21222404078215845, 0.22781692537354067, 0.33066328364520564, 0.2542927433102013, 0.15682948672519378, 0.18532681861941114, 0.314715871293022, 0.21418926034950736, 0.23398766648356903, 0.0656486793011062, 0.17549134209435766, 0.29359678520111027, 0.2769278493485639, 0.17069746593402496, 0.33443803427500696, 0.17605607855419023, 0.28069511501201405, 0.17097333775619517, 0.15086454739609004, 0.15688382684477625, 0.2221218479834912, 0.2051719076862744, 0.2011889191154389, 0.24233419450284768, 0.0873811051040044, 0.21838908310180244, 0.20213363393719586, 0.26429918582360645, 0.15929252613990413, 0.29170115999795593, 0.27230445670719183, 0.24174158850931557, 0.20863228097445083, 0.3228660275548364, 0.2551394810401785, 0.345184523992736, 0.3044115289216813, 0.19140850659633762, 0.18060020052079054, 0.24356747323008668, 0.16064286848182874, 0.15542894024039275, 0.22417085317416996, 0.36927957843005443, 0.24885826664117341, 0.16711132889122035, 0.31561650373429934, 0.18572303688296227, 0.3199203277759663, 0.2625154068586129, 0.17284853390589147, 0.24449239297412032, 0.31839924278565557, 0.2956601261532279, 0.18770642839759413, 0.20262796497195917, 0.2480940574482206, 0.25941303225342893, 0.218481206639019, 0.18913744355025686, 0.22807624718945924, 0.23581643710347813, 0.2422957350183411, 0.15963569182795145, 0.20443638090125868, 0.27380073052633713, 0.31977952602312554, 0.21617612849545365, 0.2343517618450386, 0.29815007139594807, 0.2662900838371023, 0.28544231635927103, 0.23202278941966117, 0.1614185989583773, 0.2512542513392579, 0.20242975044049227, 0.1697655157334867, 0.23283508060383326, 0.2333230834822077, 0.17087586440192, 0.16205806814663656, 0.22064721116838087, 0.16717420920674536, 0.3532302409879187, 0.1510225331377278, 0.25776389118623794, 0.20872833655669534, 0.1982899371064422, 0.3100237342684295, 0.23025155550488685, 0.24378205988472332, 0.11493173162323683, 0.23860582377993406, 0.16404595345300785, 0.18423467712947492, 0.37790075791532535, 0.21922841008082378, 0.16129177217784532, 0.3075268586891139, 0.20197999043245693, 0.23627867705129604, 0.21886686068517958, 0.30834157822610875, 0.2782512714561307, 0.20818428104261555, 0.2260824724415206, 0.2444852496553281, 0.2749120067302119, 0.1729076462269326, 0.32162508097599085, 0.15151591660132285, 0.15262577869189872, 0.19085076395882974, 0.3070425288099152, 0.31704814780671886, 0.19946742085215077, 0.15206086478763442, 0.2030102851564756, 0.24487771890041862, 0.16605158944173073, 0.1186371583092332, 0.28133172595494804, 0.19960046184830046, 0.2153790290094353, 0.16878205971327107, 0.1797945240790806, 0.18339010984678228, 0.32292265634381867, 0.21690791063685022, 0.2062533141280348, 0.22725615616610878, 0.16734046418620596, 0.3269300032640382, 0.22407791440842448, 0.26961785499107305, 0.2765188140711712, 0.16082236437799446, 0.15722266716727068, 0.1422154382094663, 0.06922784507596216, 0.26860007570290445, 0.2647968697405283, 0.15863881124473522, 0.1794309580911042, 0.2531707538057083, 0.28016426435256353, 0.23983328849963143, 0.20306420480090867, 0.3023347706559383, 0.2571056660566745, 0.1574694042051949, 0.34174845768998957, 0.23801723275739273, 0.15008635521275238, 0.22089449926709026, 0.2054706772491152, 0.29295751934095177, 0.19421404047836935, 0.1800798245614035, 0.3071607454450372, 0.30798436053858, 0.18374911935256608, 0.16006380364787162, 0.2313954734984091, 0.18614229541685187, 0.1599489441511531, 0.17335832501869167, 0.32534066823312807, 0.24851382450199577, 0.18942137081673815, 0.33922528733114676, 0.33796167367864277, 0.1693454695766947, 0.2091133929257717, 0.15924092820153732, 0.32538088671951004, 0.1771176133424669, 0.1908722670070068, 0.24561719950900504, 0.315569457301327, 0.1647674747739278, 0.20606642977768147, 0.36110435475560304, 0.22982741499358977, 0.22237982272424986, 0.07964595702082107, 0.15054543980852392, 0.17488263750733515, 0.14090990497500544, 0.2527188414659847, 0.2849498255893076, 0.1955908130026255, 0.16275197261343338, 0.2587234168758351, 0.32446548077603476, 0.2408584442694191, 0.2919018406552175, 0.20381287345948576, 0.17262649234849747, 0.25690126765823756, 0.22917998424190167, 0.19108312549806322, 0.181669343672113, 0.19488557749996938, 0.2525120710831759, 0.2795746677091478, 0.29481195170288055, 0.15679001782300978, 0.22358247051553484, 0.2760112247992328, 0.2895737451914548, 0.2804871190326837, 0.23683357776716296, 0.2493993756273316, 0.2569404998579949, 0.19410963222060662, 0.18223214008318217, 0.15477922257059945, 0.2093020572412102, 0.2562210688983601, 0.1730357873885174, 0.16358453181057955, 0.29340967347004665, 0.2687754813398188, 0.2218003886107682, 0.2555396968665382, 0.21551494343565739, 0.2087102877180007, 0.1510134764502214, 0.26794368053328127, 0.2788609713691011, 0.18263929605176255, 0.2928352252226665, 0.23457102677667255, 0.16890335562928901, 0.3113900682211042, 0.21979868141552925, 0.18417448434233696, 0.3234353772223019, 0.2753665015451998, 0.20900700745553438, 0.2061735492952162, 0.16359389742978428, 0.15868526187738063, 0.1735228524064894, 0.25494459162106603, 0.29090848135175434, 0.21425217633106064, 0.1604989837813624, 0.18374772913747714, 0.3279818207085841, 0.18458011545338932, 0.2943463704869084, 0.22861748819008537, 0.1678115799803729, 0.22700121838732326, 0.23449899937892485, 0.163009910459431, 0.0429509075284979, 0.2966711473600457, 0.2980302563479254, 0.2650710111483951, 0.2720078309798581, 0.2552791856552664, 0.30261253772993457, 0.2184395577914719, 0.24402600184759773, 0.2284691816879448, 0.21874084581429143, 0.3182874168091091, 0.22394335366518453]
Final occlusion size list: [0.45822496705635524, 0.4732362372577289, 0.1727197551916653, 0.3639392749112859, 0.17310969202166357, 0.17282940098171087, 0.27665918513796917, 0.17138108590969467, 0.1936494060780583, 0.41996922722958785, 0.2704367835476126, 0.29385970807583783, 0.38251362796140603, 0.3111736645687854, 0.20321727046318167, 0.36021107996766594, 0.10628929401925764, 0.35099957701788326, 0.2300941867496134, 0.18814722478125448, 0.18905971947253344, 0.13323766989665123, 0.21028966800639431, 0.13273252964043525, 0.2175889902194779, 0.3726032778073526, 0.26497834473634657, 0.2065185439595129, 0.2030077634504595, 0.2000244469473462, 0.24076321480189852, 0.17066074069259146, 0.33026872880869634, 0.16760674738862694, 0.2119193755870847, 0.18818682650778942, 0.33960096390195943, 0.14831655856558645, 0.212330471892935, 0.4054650766609881, 0.1877112695805773, 0.1606380759555801, 0.326883686933598, 0.19289463684412253, 0.36398039405028687, 0.25510354114196193, 0.23918939317956403, 0.27414273065139244, 0.18450238429909488, 0.0961391357676982, 0.28568241102784464, 0.18016597248738042, 0.24672386661296092, 0.28000238388393023, 0.3200234997187667, 0.1346520603414771, 0.3274887489846273, 0.2712872656844435, 0.1902045805752243, 0.11779857627076346, 0.2363028854806263, 0.3744528774592882, 0.3385981201026455, 0.15934160485966511, 0.3290248619769889, 0.13336575487198787, 0.3361407327393667, 0.4672486119138949, 0.2252657088176409, 0.21544188266958367, 0.45267236237293956, 0.22120094939485885, 0.21058512548979821, 0.4504419491854002, 0.1327464749862406, 0.25514101705076436, 0.15558983392371273, 0.1781562821683904, 0.2598009661163305, 0.10598517581643173, 0.17226917871147318, 0.27339945187682796, 0.3217474742534903, 0.2144851990256984, 0.22963777079878644, 0.2956135257275393, 0.15121411027194384, 0.10526965769117504, 0.1910320138881401, 0.22533334780929573, 0.34461545816248257, 0.1626467161195683, 0.1403072960484397, 0.15478859020208416, 0.15985789022238214, 0.2380109327584876, 0.1681284847348388, 0.16522077795628257, 0.3275311280013683, 0.38035439921684, 0.3646799457465967, 0.2985067939010476, 0.20459404150320185, 0.3804914409760818, 0.18179203233090735, 0.17937439368516184, 0.27884701919491905, 0.06941738733322543, 0.20826051921321917, 0.0681861012448085, 0.3736341163967301, 0.20783762493320676, 0.2596686394747621, 0.3767892873633985, 0.49749222985850033, 0.2342807457984186, 0.4371193531966627, 0.210282205554664, 0.23002016842947978, 0.385014545403792, 0.2274826812486761, 0.19089143070005796, 0.21402746247603094, 0.21173770572931394, 0.15509627937697293, 0.06668281183506171, 0.18661415115258584, 0.20469154054517225, 0.19033581737571928, 0.19516185092776472, 0.13448552799342986, 0.2988442752933714, 0.2870035164880761, 0.23684901165266461, 0.19896878986421954, 0.40536745912257977, 0.4223034868358625, 0.35435954001721265, 0.2701767897941405, 0.2962249279426838, 0.18767020838193835, 0.06934856392102479, 0.09770051122266273, 0.3096825930694476, 0.1856696327137181, 0.3829847480648551, 0.13947458576454785, 0.22565788491121166, 0.2424345386710683, 0.2990136162894153, 0.2792697882669074, 0.4574555502876045, 0.4021947069047819, 0.15448364336112894, 0.2843031921667525, 0.20996934739146506, 0.1224895711715283, 0.19802482287615558, 0.2546089660760824, 0.3224782891046819, 0.17847652824061747, 0.18068126889649225, 0.2413748938990038, 0.07043086653302087, 0.3156868478561975, 0.3644840409300511, 0.19400025857733144, 0.1947024003794398, 0.3118643929570458, 0.22911855224010527, 0.12719760453699, 0.21703212181000037, 0.27862969473891597, 0.18820436480839092, 0.13619740898453175, 0.1948696263244195, 0.1146678733720725, 0.3035395474639056, 0.24566139503017562, 0.15579938056709322, 0.2592609995514223, 0.3640192500938905, 0.2960094042180021, 0.12168179026295356, 0.17221904592258894, 0.3010491710826304, 0.40629444470664644, 0.14764945097209095, 0.2990338107896475, 0.17001066662573958, 0.35609021401193525, 0.3961114727711427, 0.17764895755482824, 0.09108196234517495, 0.20709644501961474, 0.2542383380627339, 0.35522639914768067, 0.16741054316528012, 0.43896775301517416, 0.38181798392914895, 0.3501139744863406, 0.278270692149042, 0.1941714710177346, 0.363143914462366, 0.3792209329268191, 0.2136987864045944, 0.40455107837825965, 0.42119908166364517, 0.22422199111421864, 0.1302483210629925, 0.40919163322856617, 0.23345544883169814, 0.34077671965766204, 0.2226127820520998, 0.16106555291183694, 0.179568785791571, 0.2033931789745224, 0.37508132404605865, 0.2205269642771013, 0.19864755475129522, 0.17683240753285462, 0.5447806203682093, 0.20926687397961982, 0.07364459252201346, 0.26863293400160276, 0.16701584433272323, 0.14009782187085115, 0.19268019284351368, 0.06432480813493288, 0.18040377416641518, 0.189076956663091, 0.26333521788025344, 0.2907542250781764, 0.15638642621450244, 0.24715564167146098, 0.30952745684546606, 0.30480443619452835, 0.17250036444956093, 0.37026434887103254, 0.2764920213207219, 0.2019500337258629, 0.2109200361099511, 0.27873543741734536, 0.36077846537229724, 0.2896849288788449, 0.20220859679206704, 0.30343353955807917, 0.4372159953763089, 0.3267764688660493, 0.13328840089538094, 0.2730592364304533, 0.2022691849781187, 0.4023795339653793, 0.14881271562844625, 0.35117740342281145, 0.28224432826287527, 0.28516067051418803, 0.14080330162756938, 0.1557704794510355, 0.1367156066682133, 0.15123658043862864, 0.27383451326437586, 0.273509525894168, 0.3021348659300327, 0.4612476232189168, 0.27054561243700914, 0.24668929841260817, 0.1728744097258974, 0.2625497992973053, 0.3997256334098138, 0.21059080619854065, 0.12770969633731158, 0.1738826914494707, 0.3471038329623952, 0.35265950720694234, 0.3333775847793658, 0.17453831565923758, 0.3778557816427295, 0.29847371973598574, 0.242773035397844, 0.31040571287634894, 0.07255503056495925, 0.1973743369893968, 0.18664989542933869, 0.22050856210291078, 0.3561225815410942, 0.06732289236828409, 0.2537780701754386, 0.3700346373374533, 0.29850418424840264, 0.30925953357298985, 0.22479242451613193, 0.41406653827156714, 0.2067127332635679, 0.14130413210018655, 0.24096613096928315, 0.3375939598436508, 0.16955041295092696, 0.184676954851162, 0.40619986420557525, 0.27603044275442634, 0.14064825850830823, 0.20514357798787353, 0.23923491204357133, 0.3622133304007241, 0.21246266187620286, 0.21067817132634473, 0.1743590807731415, 0.12796465975666108, 0.14887322629486258, 0.18260460665933373, 0.2131460364907205, 0.3589326526577906, 0.36334679940841913, 0.19687833993714168, 0.26695082936411446, 0.20137328428916973, 0.12127470323891282, 0.25514281284983453, 0.34041815590238733, 0.13431808436209347, 0.2857358670100013, 0.16048136839870628, 0.2680362042827296, 0.3077106316885234, 0.4047686048755387, 0.12760493027446054, 0.17579551596280826, 0.40884175143353035, 0.45519255355523514, 0.23555556831107655, 0.2254489061201883, 0.2368359025847608, 0.06731604606937686, 0.3934652071931196, 0.2091789579167282, 0.18601878519398668, 0.1679295911054134, 0.4194999330391159, 0.13490772787091143, 0.3279869928547223, 0.18169314633145228, 0.18402546678082243, 0.06958818517466629, 0.4612342013482872, 0.15011961318541192, 0.2343980943589417, 0.33842795809554943, 0.279889885404612, 0.2178366708447689, 0.13146195836845287, 0.39189456700988007, 0.30191770675969937, 0.29585079772733697, 0.09876588514908383, 0.24192718607056415, 0.20911393157369926, 0.2436837093369727, 0.48024512948526643, 0.32038364972159683, 0.2345037994572535, 0.3464655804476367, 0.1862578004685058, 0.09137965376293197, 0.27141616063645263, 0.1801705290156377, 0.19664822519025013, 0.5155696195805236, 0.23841331007548794, 0.39411855004999397, 0.2690172676988957, 0.1921085224643845, 0.20833361031156727, 0.2040089604808606, 0.3936374460754509, 0.3856966790445508, 0.23686641756685503, 0.18352848060558458, 0.1579825114937348, 0.2040349688615577, 0.17410837055085943, 0.3410289019391414, 0.2544137295729398, 0.21178360283532738, 0.3985030012252709, 0.23537214669641693, 0.17277115015257935, 0.15411403678983676, 0.35986283645778333, 0.32939323359065176, 0.14792459518405648, 0.07090889541968318, 0.0675163621392166, 0.33431589598872463, 0.19914139182881618, 0.21388357085943777, 0.1975838831295108, 0.12626679499963203, 0.32219420062569926, 0.1868769549721476]
Final error list: [1.0838574499131608, 0.5988221550423074, 1.8535690256964887, 0.8816552924205526, 2.2534883214923958, 1.5749000477785584, 1.0767513368345552, 0.4038988511837185, 0.6899301102996014, 1.5760730451722327, 2.126455027831769, 1.3167828363899938, 1.1888119979749205, 0.9806897392734317, 2.226278768978913, 0.7216700701906588, 0.6450589816128278, 2.0461611367150216, 1.5660147128367548, 0.9158391146075598, 1.7531054288907733, 0.8632983321330157, 0.9621191304905431, 0.9327240516551736, 1.4241586438593736, 0.4148332022359083, 0.5047582958263434, 2.155674851820463, 0.9369025646054323, 0.8702785271207274, 0.36103808672550214, 2.021624329693312, 0.8303066931015984, 1.5569126962703181, 1.5908314045992533, 0.8357221585996472, 0.46973345836921576, 1.0348133980362588, 0.8768319622967385, 0.3703147680159514, 0.47286405249428354, 1.345625357881137, 1.5887099563105826, 2.0986633959442993, 1.1159567445956466, 2.5661705831240282, 0.44180456086242703, 1.2915533703052717, 1.3463779866142278, 2.132213122002721, 0.8565296118806356, 1.1978394099721132, 1.5542112843089675, 0.6158687690625503, 0.3093889139210658, 1.8891387223503608, 1.594554758795395, 1.5363347661966857, 2.5658682180467327, 0.6927084793486814, 2.3256984676213515, 0.7985499422287904, 1.3417352225507924, 1.8967715138879737, 0.7145948909292426, 0.7498410141997004, 0.4992955413579099, 0.41896904764991577, 0.09208359076579094, 1.577500705737595, 0.7147999853247881, 1.1235247272958218, 1.179317737663984, 1.0432394151744693, 1.6275922977523067, 2.0329004809113447, 1.1774044039463902, 2.059707297373925, 0.6560202401175302, 0.5419034998828267, 2.7940975261379197, 0.5367545358684417, 1.572281364368415, 1.1589753373836023, 0.3589274803408536, 1.1770234382050029, 1.5313215557025182, 2.2633762031366564, 1.0010914552061887, 0.822181467277462, 1.0231271427231154, 2.1250735395510065, 1.329779016606336, 1.0123562236329082, 1.015504135372951, 0.14521836819904824, 0.29381475532736845, 0.8008665467784076, 0.3794126590589911, 0.5768719354048161, 2.637859901420777, 2.755460471911421, 2.2598788085687453, 0.6432308977237234, 0.8131834485512428, 0.5155144151486939, 0.8098180873542854, 1.360023166840854, 1.301833906926252, 1.3086353128817358, 1.8353558279515838, 2.042857065058243, 0.8212967163113123, 0.4903951891390743, 0.8642887297969556, 2.303852728522334, 0.6941357194936189, 0.8884809601263287, 1.8656417785101516, 1.1354869577206335, 1.4954853976656264, 1.0930052426146333, 2.4811733777294798, 1.3582199848046996, 0.7821158752586945, 1.2780277742930217, 0.5579128233862213, 1.2386739137995362, 0.43054025452564965, 1.2621889556836106, 1.6487981404370107, 1.780616629873342, 1.8204040653654427, 0.4193021588442854, 1.7477098210069504, 0.5473780944464657, 0.5093868041621193, 1.8412270102503323, 1.5989312285165982, 1.2343126393120043, 1.5363701243737113, 0.5545595233879586, 1.4752818577334528, 1.3735801058006303, 1.4425069458515658, 1.0124489140595712, 2.204067053211407, 1.0590221110246079, 0.9263154887973274, 0.29458332757095806, 0.2991832460143176, 0.9922851778253547, 0.8251540834538648, 0.863415406986746, 0.4368355033583422, 1.2477777260726277, 0.7493472172030327, 0.6794097237090628, 0.639130162564007, 0.6506199821317586, 1.0323563314072808, 1.4507771701813825, 0.23512931110492816, 0.73143598009909, 0.385491534474663, 1.2774058499916057, 1.0509020009630115, 1.183087483027354, 1.0609333183680514, 1.6266542333127847, 2.196117193996792, 1.5976688460971313, 0.994785420371199, 0.2113404241500622, 1.1467706238847064, 0.538532171646481, 1.5871856147822194, 1.0426719570900673, 1.596506038221363, 2.071957603501073, 1.8482766191967819, 1.9341329801857376, 0.8168692539177056, 1.7611456842766635, 2.337248344664732, 1.7551236532256254, 2.2881228609192767, 0.5726554630158955, 1.8787006129580397, 1.3413619447169347, 1.1475375337681035, 1.9948886032799018, 0.18409626726246758, 1.839320227872713, 1.2252194003598023, 1.7058955773999247, 1.2639883424359841, 2.1727324925396165, 1.484812074166021, 0.3043167613480283, 1.7150198265075458, 2.1308893680085625, 1.6097531467170507, 1.8375008298695559, 3.151910513519164, 0.8641916110793215, 2.327845702753671, 2.031320313474579, 1.2601577299550506, 0.5018150992948034, 0.9612740794922592, 1.0142609700161411, 0.7567841845209458, 0.6778627953484057, 0.7475868790860071, 2.2524469135087353, 1.04460589362842, 0.349064655324419, 0.4805541874275034, 0.9279548045759356, 1.7861214436215822, 1.8187201136216773, 0.6163589033860668, 0.3596594786281361, 0.5649250129951461, 1.6712808281809246, 0.8188650133367243, 1.00603969853126, 0.9366337758652912, 0.5313349996245552, 1.0188507549197066, 1.467080428697348, 2.378511669897657, 2.020514094831224, 1.6224158678901597, 1.2145817087776312, 0.8973342041824929, 2.1872219663000863, 1.5121120538883632, 1.9975388470412123, 0.4449475546495635, 0.756099741938655, 1.4867795026914685, 1.0930561632572315, 0.7567267355977443, 0.3673725985740716, 1.270575244090559, 0.43080645605882717, 0.44785676141836694, 0.9375043797503744, 2.0994453513770854, 0.6529494350749808, 0.41815655605233665, 1.4573645960108437, 1.0343326871860368, 1.6578283196423713, 1.0301774401923987, 2.815363250968423, 0.46494255986100985, 0.7555776915901902, 0.9448804099786963, 2.620466396940768, 2.1683746483537467, 1.272221829917926, 0.8874727849813996, 1.046493900043269, 1.3996745378683524, 0.30772078115454665, 0.8697054978565383, 0.693494433344368, 1.636862500722278, 2.760216928899907, 0.46635735856683247, 1.8506810609461997, 1.2869807361372103, 1.9664681083648312, 0.5230088034731148, 1.0313163991661007, 0.9626104264080156, 1.9212520595452167, 1.0470393769863613, 2.1724898068434886, 1.0534652792193637, 1.9348187051112278, 2.3254931975036257, 1.347719939959881, 1.5591869998869574, 1.353539580051002, 1.0197406902820898, 1.5068848607836338, 2.0535472843834874, 1.5075390793421648, 0.8166730666035833, 1.2701627382220393, 1.1533907226119224, 0.6971771433006585, 1.3027467210634733, 1.084070593262521, 0.3258150018249481, 1.5804918220364184, 1.1927513467978323, 1.1050151999548283, 1.3529560463805073, 1.5343900504078194, 0.8307741969241565, 1.032659676899274, 0.5948516962057222, 1.8124294981912552, 1.262723617926456, 2.254392592722456, 1.7471479964290586, 0.6024448159648662, 0.6489508970021638, 1.7707812078884293, 0.7564463998848958, 0.48779172912395985, 0.8383659871870801, 1.998806165325514, 0.9112516557424423, 0.8909707299514972, 1.502358504741294, 1.2210287878756212, 1.3074171877274094, 0.15182306865292128, 0.8306150137466016, 1.1288018232625612, 1.5566639001723535, 2.8388893094264147, 2.7655379679778145, 1.5763549907608991, 1.4685438867486311, 2.187736229767833, 1.3910181475598473, 0.9711681466647426, 1.0035406981509334, 0.24010173098505905, 0.9398414699984333, 0.28824309398941084, 1.874051363497849, 0.9413610476842582, 2.6561065411399127, 0.18082293546326503, 0.6378268236641169, 1.0053192496940027, 1.4296036708229074, 0.9265834561040387, 0.6201951356750042, 0.9853896943793264, 0.522412946920164, 1.9175899960050407, 1.2454793346605446, 1.0621474567710527, 1.5900477406793778, 2.5289494988778225, 1.883673690115112, 1.74196982345063, 0.2633691125124141, 0.6804674749082988, 2.1126775692668764, 2.780292442190159, 1.4046046219332713, 2.083070751456488, 2.3306576565986967, 1.2984184254111768, 1.182956135082921, 1.2373408858884865, 1.2822274488406236, 0.837742605162429, 1.2793675521653116, 2.1624953226520294, 0.994373202249304, 2.1391228687868247, 1.3150498301783256, 1.7162608755667448, 1.3416482064623296, 1.456921624201731, 1.1128886667515967, 1.379946013503117, 0.6640674176127137, 1.3013104523230892, 1.3130424386477548, 1.3014298286069264, 0.6671076623061869, 2.598462559037886, 0.9198878857878064, 2.713838526316422, 1.6441437275173767, 2.4665674042525607, 0.3972160330363754, 0.8100244824086097, 1.8083083079112328, 2.4264413450185214, 1.4898927945201756, 1.1512563467922363, 1.777063040384498, 2.318162427052409, 1.1531843308077034, 0.3379829780285561, 1.2306412974740808, 2.1342188223026803]
=============================================================
[Range80] Found walkers:  [24, 55, 31, 42, 39, 33, 25, 30, 54, 21, 48, 43, 52, 40, 38, 55, 22, 33, 19, 64, 47, 50, 24, 55, 47, 70, 47, 47, 26, 14, 56, 44, 65, 37, 19, 32, 30, 27, 25, 62, 42, 55, 27, 48, 42, 49, 44, 44, 52, 44, 70, 20, 18, 45, 65, 25, 34, 55, 46, 37, 50, 18, 17, 37, 44, 45, 31, 34, 36, 41, 46, 30, 43, 31, 33, 30, 59, 53, 15, 21, 46, 52, 33, 45, 57, 67, 16, 41, 56, 50, 27, 44, 25, 35, 49, 41, 35, 35, 60, 73]
[Range80] Found cyclists:  [3, 2, 8, 2, 1, 2, 3, 1, 3, 2, 3, 2, 4, 4, 1, 4, 1, 2, 2, 4, 4, 4, 3, 4, 1, 5, 1, 6, 4, 1, 4, 1, 5, 5, 1, 3, 3, 3, 1, 4, 4, 3, 2, 4, 3, 4, 2, 3, 1, 2, 4, 2, 3, 4, 5, 2, 4, 5, 5, 1, 1, 2, 0, 2, 4, 1, 5, 0, 4, 9, 3, 4, 3, 5, 6, 5, 5, 6, 2, 2, 7, 2, 4, 3, 2, 3, 2, 1, 5, 6, 1, 3, 4, 2, 2, 4, 1, 3, 3, 2]
[Range80] Found vehicles:  [15, 7, 14, 13, 19, 15, 9, 12, 13, 6, 21, 14, 13, 11, 3, 22, 6, 8, 4, 11, 23, 12, 8, 24, 4, 22, 17, 18, 11, 4, 18, 15, 12, 15, 1, 14, 13, 9, 4, 11, 18, 6, 6, 26, 17, 9, 12, 8, 15, 10, 23, 9, 8, 8, 18, 1, 20, 19, 14, 8, 9, 4, 0, 9, 12, 6, 12, 5, 17, 15, 20, 11, 10, 14, 13, 20, 23, 19, 3, 10, 19, 23, 17, 23, 28, 17, 3, 17, 12, 11, 11, 16, 9, 17, 11, 14, 3, 19, 26, 12]
[Range50] Found walkers:  [10, 42, 21, 15, 24, 25, 22, 15, 39, 16, 34, 27, 41, 26, 17, 34, 16, 18, 17, 30, 20, 28, 14, 28, 25, 26, 27, 39, 7, 13, 33, 31, 47, 19, 11, 15, 10, 21, 14, 30, 30, 30, 15, 40, 17, 37, 22, 23, 31, 22, 33, 13, 15, 25, 30, 10, 27, 40, 30, 19, 21, 9, 7, 22, 29, 18, 25, 29, 18, 23, 29, 23, 28, 19, 18, 20, 36, 38, 13, 17, 23, 30, 19, 40, 41, 47, 14, 22, 36, 18, 14, 28, 22, 19, 30, 19, 21, 20, 45, 42]
[Range50] Found cyclists:  [3, 1, 3, 1, 1, 1, 2, 1, 3, 2, 2, 2, 3, 3, 1, 3, 1, 2, 2, 3, 1, 3, 2, 3, 1, 4, 1, 4, 2, 1, 3, 1, 3, 2, 1, 3, 2, 1, 1, 3, 3, 3, 2, 4, 1, 2, 2, 2, 0, 2, 3, 2, 2, 2, 5, 0, 3, 4, 4, 1, 1, 2, 0, 1, 1, 0, 4, 0, 1, 2, 2, 3, 2, 3, 3, 5, 4, 4, 2, 2, 6, 2, 1, 2, 1, 2, 2, 1, 3, 4, 0, 3, 3, 0, 2, 2, 1, 3, 3, 0]
[Range50] Found vehicles:  [4, 4, 9, 10, 10, 10, 6, 7, 8, 6, 7, 8, 7, 5, 2, 9, 6, 5, 1, 4, 6, 5, 6, 7, 1, 12, 8, 9, 4, 4, 9, 8, 10, 9, 1, 10, 8, 8, 3, 5, 11, 4, 4, 16, 5, 5, 3, 7, 5, 7, 9, 6, 7, 3, 8, 1, 12, 13, 8, 2, 4, 2, 0, 3, 7, 3, 6, 3, 9, 3, 7, 7, 5, 6, 7, 10, 11, 11, 3, 9, 9, 8, 7, 12, 14, 12, 3, 11, 5, 6, 8, 7, 5, 7, 6, 9, 2, 10, 13, 5]
[Range20] Found walkers:  [2, 9, 8, 8, 4, 14, 4, 2, 9, 0, 1, 9, 16, 9, 8, 13, 5, 7, 1, 13, 9, 11, 2, 7, 7, 6, 6, 14, 2, 0, 5, 6, 13, 2, 5, 3, 1, 2, 3, 7, 4, 8, 8, 12, 6, 12, 10, 8, 17, 6, 8, 8, 4, 7, 3, 1, 7, 9, 12, 3, 6, 2, 4, 0, 17, 6, 9, 7, 10, 5, 3, 9, 8, 6, 5, 7, 17, 4, 0, 7, 7, 11, 3, 13, 13, 13, 0, 4, 13, 7, 2, 12, 4, 8, 9, 4, 5, 2, 11, 10]
[Range20] Found cyclists:  [2, 0, 0, 1, 0, 0, 2, 0, 1, 1, 0, 1, 1, 1, 1, 3, 1, 0, 1, 1, 0, 2, 0, 0, 0, 2, 1, 1, 0, 1, 0, 0, 0, 1, 1, 2, 0, 0, 1, 0, 1, 2, 2, 1, 1, 1, 0, 1, 0, 2, 2, 1, 0, 2, 1, 0, 1, 0, 2, 0, 0, 2, 0, 1, 1, 0, 2, 0, 0, 0, 1, 0, 1, 2, 2, 2, 2, 1, 2, 1, 0, 1, 1, 0, 0, 1, 1, 1, 1, 1, 0, 2, 1, 0, 1, 0, 1, 1, 0, 0]
[Range20] Found vehicles:  [1, 0, 1, 2, 0, 3, 0, 2, 1, 2, 0, 1, 1, 1, 0, 2, 2, 2, 0, 0, 1, 0, 0, 1, 0, 2, 0, 0, 2, 0, 0, 0, 0, 1, 1, 3, 3, 0, 1, 0, 2, 1, 1, 1, 1, 0, 1, 0, 0, 0, 1, 1, 1, 2, 1, 0, 0, 0, 2, 0, 0, 0, 0, 1, 2, 0, 0, 0, 3, 0, 0, 1, 0, 1, 2, 2, 0, 0, 0, 2, 1, 0, 1, 1, 2, 1, 0, 0, 0, 0, 1, 1, 1, 1, 1, 1, 0, 3, 0, 0]

